#SPEC_ID:
#No sample description was entered.
#SPEC_REM:
#DET# 1
#DETDESC# MYON MCB 337
#AP# Maestro Version 6.06
#DATE_MEA:
#04/15/2024 14:06:32
#MEAS_TIM:
#170575 170575
#DATA:
#0 511
       0
       0
       0
       5
      19
      25
      22
      23
      32
      43
      23
      20
      28
      17
      19
      13
      21
      25
      45
      99
     106
     122
     116
     100
      42
      34
      24
      33
      21
      19
      24
      19
      21
      16
      19
      14
      16
      14
      16
      14
      20
      16
      14
      21
      13
       9
      13
      12
      13
       9
      12
      14
      13
      20
      12
      16
      17
      10
      16
      12
      12
      22
       3
      11
      11
       9
      11
       7
      12
      10
      11
       9
      10
       7
      11
       4
      10
       6
      20
      14
      10
       8
      12
       5
      10
      10
       8
      10
       6
       8
       6
       7
       5
       5
      17
      11
       3
       2
       9
      13
       8
      13
       8
       7
      13
       6
       6
       9
      10
       8
       4
       5
       5
       4
       7
       8
       6
       7
       4
       6
       7
       7
       7
       3
       9
       5
       3
       1
       5
       9
       2
       4
       4
       2
       4
       5
       5
       6
       8
       2
       6
       4
       3
       2
       2
       2
       3
       3
       3
       3
      11
       6
       6
       4
       4
       6
       8
       3
       1
       4
       2
       5
       7
       7
       2
       8
       2
       0
       0
       1
       6
       4
       2
       2
       2
       1
       3
       3
       7
       8
       4
       4
       6
       8
       3
       3
       3
       3
       3
       2
       2
       4
       1
       0
       3
       6
       5
       2
       1
       4
       3
       2
       0
       5
       0
       1
       2
       1
       2
       3
       0
       3
       0
       1
       2
       0
       3
       1
       4
       2
       4
       2
       3
       3
       1
       4
       2
       2
       2
       2
       6
       3
       1
       6
       6
       2
       3
       0
       3
       0
       3
       3
       1
       3
       4
       4
       0
       1
       3
       0
       1
       1
       1
       4
       0
       0
       5
       1
       3
       2
       1
       2
       2
       2
       0
       6
       0
       0
       1
       3
       0
       1
       3
       2
       1
       3
       3
       2
       1
       0
       2
       1
       0
       1
       1
       1
       1
       1
       1
       1
       0
       0
       2
       0
       0
       1
       3
       0
       1
       2
       0
       0
       1
       0
       1
       4
       1
       0
       1
       1
       2
       0
       1
       0
       2
       0
       0
       3
       1
       1
       0
       3
       2
       0
       1
       0
       2
       1
       0
       0
       0
       5
       0
       0
       0
       0
       0
       0
       0
       1
       0
       0
       0
       0
       2
       1
       0
       1
       0
       0
       1
       0
       0
       0
       0
       2
       1
       0
       0
       1
       0
       1
       0
       0
       0
       1
       3
       1
       0
       0
       0
       1
       1
       3
       0
       1
       2
       1
       0
       1
       0
       2
       0
       1
       1
       1
       0
       2
       1
       1
       0
       2
       0
       1
       0
       1
       1
       2
       0
       0
       1
       0
       0
       0
       0
       1
       1
       1
       0
       0
       1
       0
       0
       0
       0
       0
       1
       2
       0
       2
       0
       1
       1
       1
       2
       1
       1
       1
       0
       0
       0
       0
       0
       0
       1
       1
       0
       0
       0
       0
       0
       0
       0
       0
       1
       1
       0
       0
       1
       0
       0
       0
       0
       0
       0
       0
       0
       0
       0
       0
       0
       0
       0
       0
       0
       0
       0
       0
       0
       0
       0
       0
       0
       0
       0
       0
       0
       0
       0
       0
       0
       0
       0
       0
       0
       0
       0
       0
       0
       0
       0
       0
       0
       0
       0
       0
       0
       0
       0
       0
       0
       0
       0
       0
       0
       0
       0
       0
       0
       0
       0
       0
#ROI:
#0
#PRESETS:
#None
#0
#0
#ENER_FIT:
#-2.326062 0.088583
#MCA_CAL:
#3
#-2.326062E+000 8.858320E-002 -1.636990E-004 micr
#SHAPE_CAL:
#3
#0.000000E+000 0.000000E+000 0.000000E+000
